'PygopodidFinal.dta
'Created by Landmark. http://graphics.idav.ucdavis.edu/research/EvoMorph
1 30L 87 1 9999 Dim=3

Lialis_burtonis_166958
.Jen-Olori-SUNY-.CU12292_140kV_8.surf
Apr_aur_SAMA_63331_2head__rec0064.surf
Apr_parapulchella_62884
Delma_Borea_128679A
Paradelma_Orientalis_Model
Pygopus_lepidopodus_135450A
Apr_psuedopulchella_67733
Aprasia_104382A_Model.am
Pletholax_Gracilis_187676A
Apr_har_WAM_103982_forebody__rec0138.surf
Apr_ina_R64535
Apr_lit_121447
Apr_ros_153828
Apr_clairae_166868
Apr_pic_166877
Pygopus_nig_CU14267
Apr_str_SAMA_57805
Del_aus_50210_head_rec_Tra0564.surf
Del_imp_SAMA_R55083
Del_ino_SAMA_R62757
Del_lab_QM_J79795
Del_mol_SAMA_R58266
Del_nas_SAMA_R48820
Del_tin_SAMA_R51553
Lia_jic_SAMA_R11438
Oph_tae_45176
Pyg_sch_65807
Apr_smi_WAM_38994
bavaya_robusta

   5.2379644e+003   7.2157671e+003   4.3729297e+002
   5.7420244e+003   5.0969141e+003   7.1109805e+003
   5.5939238e+003   6.0612134e+003   2.5079121e+003
   6.8847759e+003   7.1043110e+003   1.6986445e+003
   6.9637109e+003   5.4214517e+003   5.9718257e+003
   9.1344980e+003   6.6007910e+003   1.2774861e+004
   7.8446099e+003   3.2897922e+003   1.4598922e+004
   1.0005566e+004   6.9682959e+003   1.3931050e+004
   6.4651108e+003   3.2531914e+003   1.5896330e+004
   8.4459570e+003   3.2954348e+003   1.5841691e+004
   9.2099707e+003   3.5390369e+003   1.5859002e+004
   8.4705938e+003   7.1187090e+003   1.3128569e+004
   8.8583867e+003   5.0175063e+003   2.2424576e+004
   8.1863145e+003   8.7074600e+003   2.1268785e+004
   1.0803434e+004   1.0625098e+004   2.7005428e+004
   1.0177877e+004   5.7755942e+003   2.7731344e+004
   1.0318297e+004   6.4990654e+003   2.9443191e+004
   6.8900366e+003   4.4908965e+003   2.6380457e+004
   9.7983203e+003   5.6025581e+003   2.9242273e+004
   7.1682305e+003   5.8181313e+003   2.8833150e+004
   8.4928516e+003   6.3605293e+003   2.9384143e+004
   7.0823486e+003   7.9225405e+003   2.9274123e+004
   9.5944502e+003   1.0558234e+004   2.7821098e+004
   6.8965337e+003   8.4668477e+003   2.8372695e+004
   6.5863877e+003   8.5157637e+003   2.2842758e+004
   9.9443848e+003   7.3865278e+003   1.4781581e+004
   6.7462939e+003   7.3339526e+003   1.4068370e+004
   5.9264590e+003   6.4014199e+003   9.4586699e+003
   5.5739961e+003   6.6402900e+003   4.9472305e+003

   1.3414927e+001   6.0458775e+000   2.4263043e+000
   1.2098964e+001   6.3498001e+000   3.7077203e+000
   1.2667435e+001   6.3401413e+000   3.0762784e+000
   1.2494134e+001   6.4611154e+000   2.2187767e+000
   1.1891027e+001   6.7429223e+000   3.1458254e+000
   9.1211796e+000   6.5256295e+000   3.2633209e+000
   9.0979366e+000   6.8469181e+000   5.3154955e+000
   6.7438555e+000   5.5503478e+000   3.7945533e+000
   8.0398531e+000   6.3032780e+000   6.5756769e+000
   7.3204827e+000   7.0370464e+000   5.8651590e+000
   6.9732561e+000   7.0609245e+000   5.2940979e+000
   9.1026850e+000   5.9388690e+000   3.2700658e+000
   4.9810266e+000   6.1498761e+000   5.8508592e+000
   5.3027272e+000   4.8857903e+000   4.6878600e+000
   3.8273926e+000   5.0754204e+000   4.4249473e+000
   3.4452477e+000   6.0521088e+000   6.1672044e+000
   2.6821470e+000   5.8102975e+000   6.0055776e+000
   3.8373270e+000   5.4188366e+000   8.1683722e+000
   2.8617020e+000   5.9216709e+000   6.9062662e+000
   2.9071569e+000   4.8414483e+000   8.2320099e+000
   2.0595593e+000   4.8560929e+000   6.8448272e+000
   2.1800308e+000   3.6134820e+000   7.1741652e+000
   3.4727650e+000   4.6979327e+000   4.9038467e+000
   2.4814930e+000   3.5637622e+000   6.8687458e+000
   5.4490852e+000   3.9666364e+000   5.4157991e+000
   7.2504220e+000   5.7114158e+000   3.4485960e+000
   8.0625362e+000   4.8073392e+000   4.3062181e+000
   1.0531345e+001   5.5003533e+000   3.8719873e+000
   1.1811716e+001   5.8298163e+000   3.1841416e+000

   1.4718012e+000   5.7134151e+000   1.5103251e+001
   1.4943693e+000   5.0381479e+000   1.4820353e+001
   1.2339624e+000   5.6285110e+000   1.5063549e+001
   8.6905950e-001   5.2821770e+000   1.4659811e+001
   1.3094106e+000   4.6589670e+000   1.4438455e+001
   4.8947310e-001   5.1065745e+000   1.3272350e+001
   8.5234904e-001   3.8799689e+000   1.3049652e+001
   3.2603264e-001   4.7964139e+000   1.2426622e+001
   1.7210932e+000   3.6900289e+000   1.3149845e+001
   8.6782908e-001   3.7134478e+000   1.2793917e+001
   8.7703490e-001   4.1443920e+000   1.2103109e+001
   8.2317203e-001   5.2963958e+000   1.3504196e+001
   7.1366405e-001   4.1015863e+000   1.1876426e+001
   8.8600731e-001   4.8398972e+000   1.1867988e+001
   5.9238720e-001   4.5846829e+000   1.0570745e+001
   5.3777647e-001   3.7989619e+000   1.0928886e+001
   6.7034674e-001   3.6639583e+000   1.0367860e+001
   1.9852295e+000   2.6682639e+000   1.0694596e+001
   8.5305858e-001   3.1467192e+000   1.0368730e+001
   2.0925102e+000   2.7988262e+000   9.9504957e+000
   1.1814425e+000   3.3088245e+000   9.7233028e+000
   2.1931691e+000   3.6807415e+000   9.2025604e+000
   9.3000567e-001   4.5378594e+000   1.0478127e+001
   2.0244937e+000   4.0671191e+000   9.5773907e+000
   1.7828997e+000   4.6202750e+000   1.2171312e+001
   8.0690485e-001   5.1958790e+000   1.2830178e+001
   1.3760855e+000   4.9656448e+000   1.2501651e+001
   1.7656655e+000   4.5191545e+000   1.2905088e+001
   1.5539353e+000   5.6757073e+000   1.4296265e+001

   1.7434819e+000   4.3538003e+000   1.4875059e+001
   1.7649331e+000   3.5390031e+000   1.4578291e+001
   1.5753033e+000   4.2287397e+000   1.4919883e+001
   1.1125349e+000   4.0135365e+000   1.4669407e+001
   1.1127502e+000   3.8130252e+000   1.4590889e+001
   6.7241001e-001   3.9772396e+000   1.3295789e+001
   9.9550462e-001   2.7272856e+000   1.3369798e+001
   5.2771711e-001   3.7297947e+000   1.2800763e+001
   1.7559030e+000   2.4335368e+000   1.3015928e+001
   1.0695359e+000   2.5459752e+000   1.3037264e+001
   9.5161963e-001   2.6876607e+000   1.3107763e+001
   9.5938516e-001   4.0221395e+000   1.3124330e+001
   7.8332996e-001   2.9214890e+000   1.2163092e+001
   1.0469112e+000   3.5995500e+000   1.2037057e+001
   6.0829258e-001   3.2601128e+000   1.0836744e+001
   6.5061665e-001   2.4533343e+000   1.0872605e+001
   6.1563873e-001   2.3450959e+000   1.0264349e+001
   1.3863498e+000   1.5926676e+000   1.0805908e+001
   9.0064561e-001   1.8352298e+000   1.0826322e+001
   1.6539669e+000   1.6338993e+000   9.9533691e+000
   9.7299188e-001   2.0667241e+000   9.7759600e+000
   1.6949008e+000   2.3735011e+000   9.3574791e+000
   8.8332295e-001   3.2246001e+000   1.0696180e+001
   1.5507500e+000   2.6674843e+000   9.6204863e+000
   1.7114611e+000   3.3915558e+000   1.2183857e+001
   9.6965492e-001   3.9172614e+000   1.2846426e+001
   1.4112076e+000   3.7079024e+000   1.2527670e+001
   2.0166526e+000   3.6586659e+000   1.2525146e+001
   1.7333865e+000   4.1627698e+000   1.4172131e+001

   2.7078870e+003   3.4720112e+003   3.1795313e+002
   2.7003521e+003   2.3884956e+003   1.5941445e+003
   2.8930471e+003   3.0886548e+003   7.4597949e+002
   3.6024258e+003   3.3832485e+003   1.0561594e+003
   3.4446821e+003   2.4080664e+003   1.6913674e+003
   4.0137178e+003   3.1483086e+003   2.8054788e+003
   3.3495742e+003   1.6286591e+003   3.1918403e+003
   4.7825596e+003   2.8828508e+003   4.1333403e+003
   2.7546455e+003   1.2779985e+003   4.1060986e+003
   3.6693750e+003   1.3463267e+003   4.1279956e+003
   4.2692598e+003   1.5901058e+003   4.2743945e+003
   3.7583091e+003   3.3773123e+003   2.9403982e+003
   3.7873730e+003   1.4053640e+003   6.0797925e+003
   3.8048574e+003   2.9206118e+003   6.0556948e+003
   4.7179287e+003   3.1392275e+003   7.2516694e+003
   4.4234053e+003   1.5465468e+003   7.3798501e+003
   4.5412939e+003   1.5316184e+003   8.4027539e+003
   3.0753022e+003   5.9173053e+002   7.7133872e+003
   4.0325088e+003   9.6080505e+002   8.1337002e+003
   2.9027278e+003   8.4226776e+002   8.3618555e+003
   3.7793770e+003   1.5627927e+003   8.9038184e+003
   3.0294177e+003   1.9530228e+003   9.0665586e+003
   4.3175688e+003   3.0671912e+003   7.6032803e+003
   2.9236790e+003   2.0575579e+003   8.9243262e+003
   2.8282842e+003   2.9208088e+003   6.3634370e+003
   4.2801377e+003   3.3093042e+003   4.1429180e+003
   3.0475972e+003   3.1369082e+003   4.2158877e+003
   2.7659995e+003   3.1278740e+003   2.3326377e+003
   2.7275322e+003   3.4259158e+003   1.4932705e+003

   8.0974627e+000   8.9950218e+000   2.3950577e-002
   8.1449614e+000   7.2096186e+000   1.3772392e+000
   8.3745394e+000   7.9329553e+000   6.6080093e-001
   9.3697233e+000   8.9543724e+000   7.6757813e-001
   9.0981064e+000   6.8767819e+000   2.0795956e+000
   1.0098642e+001   7.9999881e+000   4.0544252e+000
   9.0464611e+000   5.7050796e+000   4.2331877e+000
   1.0820021e+001   7.9088697e+000   5.4269247e+000
   7.9912996e+000   5.1123638e+000   5.3317480e+000
   9.3244677e+000   5.1445403e+000   5.5833921e+000
   9.8726149e+000   5.5370374e+000   5.6767082e+000
   9.6265440e+000   8.3377743e+000   4.0329180e+000
   9.6384678e+000   5.5820322e+000   7.8353310e+000
   9.3850136e+000   7.5336518e+000   8.0607071e+000
   1.0758051e+001   7.7651591e+000   9.8326435e+000
   1.0107483e+001   5.1625576e+000   9.9851799e+000
   1.0451807e+001   5.6544471e+000   1.1346243e+001
   7.8506546e+000   3.7169826e+000   1.0317854e+001
   9.8827763e+000   4.4422550e+000   1.0813348e+001
   7.6951985e+000   4.1019797e+000   1.1533577e+001
   9.1574163e+000   5.3112426e+000   1.2285551e+001
   7.7148724e+000   6.0727024e+000   1.2731574e+001
   9.9712572e+000   7.7131147e+000   1.0279860e+001
   7.6232529e+000   6.1005034e+000   1.2453516e+001
   7.8374772e+000   7.2586761e+000   8.0415688e+000
   1.0252340e+001   8.2731438e+000   5.1148281e+000
   8.5299540e+000   8.1978083e+000   5.6708412e+000
   7.9836979e+000   7.7826877e+000   3.5392590e+000
   8.0851603e+000   8.5922956e+000   1.5087833e+000

   1.8415461e+001   6.3548756e+000   1.4913081e+000
   1.4934443e+001   5.6108251e+000   6.1335583e+000
   1.8110332e+001   5.8822985e+000   3.3439040e+000
   1.9291815e+001   7.7777076e+000   3.5993600e+000
   1.7835558e+001   6.4000320e+000   5.2191167e+000
   1.7046848e+001   1.0251782e+001   8.2179871e+000
   1.3560053e+001   7.1380844e+000   9.8768520e+000
   1.6684086e+001   1.1371622e+001   9.8092604e+000
   1.1411631e+001   7.1783743e+000   9.8246632e+000
   1.3036700e+001   7.7743101e+000   1.1185380e+001
   1.3721470e+001   9.3927803e+000   1.1578199e+001
   1.6166523e+001   1.0853451e+001   7.4865170e+000
   1.1267996e+001   1.1572634e+001   1.3153910e+001
   1.2092596e+001   1.4892631e+001   1.0765739e+001
   1.2645231e+001   1.7701595e+001   1.3726797e+001
   8.9675007e+000   1.3984795e+001   1.6173935e+001
   8.4658756e+000   1.5791062e+001   1.6677715e+001
   5.6512637e+000   1.1960977e+001   1.5326700e+001
   8.4562302e+000   1.5845997e+001   1.7183676e+001
   5.1730776e+000   1.4031633e+001   1.4936245e+001
   6.5685740e+000   1.6068081e+001   1.5733442e+001
   5.4877138e+000   1.6941442e+001   1.3833364e+001
   1.1068626e+001   1.8038658e+001   1.3530098e+001
   6.2321663e+000   1.6684292e+001   1.2983620e+001
   9.9273281e+000   1.3766668e+001   9.7522621e+000
   1.6390236e+001   1.1492477e+001   8.7051392e+000
   1.3553386e+001   1.2310617e+001   7.2530513e+000
   1.4311083e+001   8.9231129e+000   5.8525572e+000
   1.7185825e+001   7.1660590e+000   2.8052177e+000

   2.7341800e+000   3.0425081e+000   1.5231319e+001
   2.6269603e+000   2.2484930e+000   1.4882175e+001
   2.5355606e+000   2.8400016e+000   1.5236753e+001
   1.9402872e+000   2.8012416e+000   1.4972006e+001
   2.0704222e+000   2.6486390e+000   1.5021879e+001
   1.5619230e+000   2.9154139e+000   1.4013041e+001
   1.5305386e+000   1.6628876e+000   1.3333518e+001
   9.9298644e-001   2.7678466e+000   1.3016966e+001
   2.3261847e+000   1.3481276e+000   1.2913397e+001
   1.5701625e+000   1.5166880e+000   1.3073333e+001
   1.4119315e+000   1.6878055e+000   1.3083804e+001
   1.6316829e+000   2.9643137e+000   1.3388994e+001
   1.1408830e+000   1.9488709e+000   1.2359367e+001
   1.3337450e+000   2.5979331e+000   1.2269369e+001
   7.1320581e-001   2.6285737e+000   1.0996377e+001
   7.6919699e-001   1.8419576e+000   1.1078659e+001
   7.3849249e-001   1.6597680e+000   1.0827183e+001
   1.6688946e+000   8.2790399e-001   1.0904792e+001
   9.9707514e-001   1.1086847e+000   1.0859809e+001
   1.6862497e+000   9.7291410e-001   9.9279623e+000
   1.0096051e+000   1.5137187e+000   9.9035759e+000
   1.6789055e+000   1.8772098e+000   9.4344015e+000
   9.4365561e-001   2.4500887e+000   1.0805088e+001
   1.7057526e+000   1.9445517e+000   9.6135378e+000
   2.1770406e+000   2.3714457e+000   1.2263872e+001
   1.5202841e+000   2.9111242e+000   1.3107114e+001
   1.9462628e+000   2.6635766e+000   1.2763340e+001
   2.4883254e+000   2.9101162e+000   1.4048010e+001
   2.6123915e+000   3.0929048e+000   1.4498611e+001

   1.8030105e+003   2.7698826e+003   1.7328125e+001
   1.7212395e+003   2.0916531e+003   5.6985449e+002
   2.0470088e+003   2.8185366e+003   1.9991016e+002
   2.3096963e+003   2.4746860e+003   5.2191504e+002
   2.2426235e+003   2.1292373e+003   6.3191016e+002
   2.6653086e+003   2.3512676e+003   1.5264271e+003
   2.6734951e+003   1.3566006e+003   2.0344458e+003
   2.9146858e+003   2.4367351e+003   2.1148000e+003
   1.7246122e+003   1.0347393e+003   2.1606079e+003
   2.5401655e+003   1.1518993e+003   2.3156475e+003
   2.6693074e+003   1.3481473e+003   2.1679163e+003
   2.3783474e+003   2.5389954e+003   1.9252893e+003
   2.7250586e+003   1.4820287e+003   2.8156201e+003
   2.6021509e+003   2.2420386e+003   2.9911116e+003
   3.0436865e+003   2.2051716e+003   4.1048184e+003
   3.0154878e+003   1.5132103e+003   3.9835139e+003
   3.0449229e+003   1.5108846e+003   4.2600806e+003
   1.9673583e+003   6.9857825e+002   4.4007109e+003
   2.8072886e+003   1.0893590e+003   4.4884492e+003
   1.8746652e+003   9.0698364e+002   4.8826670e+003
   2.8390659e+003   1.2925801e+003   4.7665796e+003
   1.9156356e+003   1.7801964e+003   5.3443877e+003
   2.8039844e+003   2.1693972e+003   4.2996416e+003
   1.9056764e+003   1.8584723e+003   5.1131406e+003
   1.7388767e+003   2.1321035e+003   1.9788787e+003
   2.4847205e+003   2.4966118e+003   2.1811248e+003
   2.1337109e+003   2.3688489e+003   2.4613904e+003
   1.7822963e+003   2.4725361e+003   1.4508735e+003
   1.7434448e+003   2.8231960e+003   9.7052759e+002

   2.6470475e+000   2.5251503e+000   9.6158981e-002
   2.5528777e+000   1.7382702e+000   1.8445072e+000
   2.8825054e+000   2.0859325e+000   9.9434781e-001
   3.2973895e+000   2.5258360e+000   9.7513890e-001
   3.2716200e+000   1.9046133e+000   1.7331750e+000
   3.4228325e+000   2.5056460e+000   2.6331937e+000
   3.0995979e+000   1.4280241e+000   2.8219171e+000
   3.7287955e+000   2.6246736e+000   2.8275232e+000
   2.5253835e+000   1.1595033e+000   3.3797145e+000
   3.1631258e+000   1.2082505e+000   3.7809439e+000
   3.3770001e+000   1.3102531e+000   3.9141240e+000
   3.3404908e+000   2.7435639e+000   2.6894236e+000
   3.4389558e+000   1.5514483e+000   4.8394766e+000
   3.1743107e+000   2.6886292e+000   4.9351091e+000
   3.6335192e+000   3.0175531e+000   6.0414062e+000
   3.6205435e+000   1.8160889e+000   6.3361092e+000
   3.5661774e+000   1.9259536e+000   7.0569143e+000
   2.4907632e+000   8.5021800e-001   6.9344893e+000
   3.4197452e+000   1.2805405e+000   6.8457756e+000
   2.4208703e+000   1.1974045e+000   7.4914894e+000
   3.1431653e+000   1.8953376e+000   7.6850920e+000
   2.3817854e+000   2.3768756e+000   7.9189153e+000
   3.2945838e+000   2.9377530e+000   6.3462629e+000
   2.3411140e+000   2.5613604e+000   7.5949888e+000
   2.4789128e+000   2.6097164e+000   4.5512786e+000
   3.4868174e+000   2.7641318e+000   3.6001351e+000
   2.6948400e+000   2.8026643e+000   3.4074886e+000
   2.5732493e+000   2.4406617e+000   2.3110216e+000
   2.6171105e+000   2.5148129e+000   1.3084886e+000

   1.7643775e+000   2.3565545e+000   1.4354776e+001
   1.6185822e+000   1.5085021e+000   1.3476255e+001
   1.5149794e+000   2.2001057e+000   1.4243029e+001
   1.4305807e+000   2.3849888e+000   1.4187091e+001
   1.2622894e+000   1.8491771e+000   1.3926732e+001
   7.7893341e-001   2.0515773e+000   1.3105454e+001
   9.4648528e-001   1.3018619e+000   1.2945779e+001
   5.2634370e-001   2.0828922e+000   1.2499366e+001
   1.4254794e+000   1.0309500e+000   1.2377433e+001
   8.2054812e-001   1.1704649e+000   1.2378276e+001
   7.3635042e-001   1.3693726e+000   1.2498000e+001
   1.0252318e+000   2.0666769e+000   1.3006978e+001
   5.9024858e-001   1.6206146e+000   1.1847528e+001
   6.2273121e-001   1.8466402e+000   1.1860952e+001
   3.6091745e-001   2.0734413e+000   1.1242700e+001
   3.6115706e-001   1.6384933e+000   1.1239041e+001
   3.0146229e-001   1.6769586e+000   1.0895846e+001
   1.0919192e+000   9.3468451e-001   1.0615108e+001
   3.0964518e-001   1.3825037e+000   1.0679124e+001
   1.1536615e+000   1.1207923e+000   1.0185999e+001
   2.6899385e-001   1.7325896e+000   1.0560720e+001
   1.1413162e+000   1.8566405e+000   9.8815022e+000
   5.3335094e-001   2.0662503e+000   1.1117842e+001
   1.2099303e+000   2.1938500e+000   1.0737119e+001
   1.4944844e+000   1.9269261e+000   1.2855284e+001
   8.2535392e-001   2.1215727e+000   1.2313148e+001
   1.1687858e+000   2.0315592e+000   1.2439884e+001
   1.5537065e+000   2.1624641e+000   1.3195365e+001
   1.6072626e+000   2.1584618e+000   1.3492968e+001

   1.2414795e+003   4.4239453e+003   1.1735238e+004
   1.5570132e+003   4.1127119e+003   1.1697844e+004
   9.4361011e+002   4.2814453e+003   1.1579061e+004
   7.5920239e+002   4.0455457e+003   1.1168689e+004
   1.9927893e+003   3.2865520e+003   1.0964232e+004
   9.1694067e+002   2.8633333e+003   1.0109292e+004
   2.0635024e+003   2.1825156e+003   9.7667324e+003
   8.6190405e+002   2.2760085e+003   9.2771582e+003
   2.7751309e+003   2.7181069e+003   9.7072217e+003
   2.1372754e+003   2.1167407e+003   9.6471641e+003
   2.0214670e+003   2.1674829e+003   9.5500840e+003
   9.8463013e+002   3.2227009e+003   9.8635059e+003
   1.6802826e+003   2.1433174e+003   8.8184531e+003
   1.2289272e+003   2.6147014e+003   8.5025693e+003
   1.0415164e+003   1.8990586e+003   7.2658428e+003
   1.6101472e+003   1.6035078e+003   7.7758521e+003
   1.7428987e+003   1.4340238e+003   7.0270703e+003
   3.4635503e+003   1.7373486e+003   7.2953296e+003
   2.4359136e+003   1.1923031e+003   7.1464502e+003
   3.4129778e+003   1.8306686e+003   6.5088975e+003
   2.2727095e+003   1.3672040e+003   6.4875723e+003
   2.7284268e+003   2.3066899e+003   5.7161729e+003
   1.3441763e+003   2.1090667e+003   7.0890718e+003
   2.0499751e+003   2.8853147e+003   7.0029258e+003
   2.0145518e+003   3.3481975e+003   8.7283672e+003
   8.9231396e+002   2.9928701e+003   9.5806934e+003
   1.4851582e+003   3.3117603e+003   9.0512305e+003
   1.7242676e+003   3.7709114e+003   1.0213582e+004
   1.3854319e+003   4.1604668e+003   1.0804550e+004

   1.7470998e+000   3.9085331e+000   1.4353449e+001
   1.7231817e+000   3.4159234e+000   1.4312464e+001
   1.4554689e+000   3.7125204e+000   1.4362933e+001
   1.2093503e+000   3.5769558e+000   1.4200211e+001
   1.1839364e+000   3.3949926e+000   1.4290328e+001
   6.1320400e-001   3.1308343e+000   1.3278823e+001
   7.2451419e-001   2.4605289e+000   1.3594563e+001
   5.4010069e-001   3.0614204e+000   1.3124554e+001
   1.3479528e+000   2.0658474e+000   1.3475384e+001
   6.3209599e-001   2.3161967e+000   1.3308932e+001
   5.5312693e-001   2.4106336e+000   1.2945965e+001
   1.0832789e+000   3.3135390e+000   1.3506803e+001
   4.9450803e-001   2.3849475e+000   1.2865197e+001
   5.0419772e-001   2.4079928e+000   1.2841573e+001
   4.0547442e-001   2.6745975e+000   1.2095420e+001
   3.1876564e-001   2.2497020e+000   1.2331403e+001
   2.5720882e-001   2.2184584e+000   1.1945567e+001
   9.2362261e-001   1.4631901e+000   1.1896264e+001
   4.2551088e-001   1.7674783e+000   1.2285872e+001
   9.6366906e-001   1.4846905e+000   1.1509853e+001
   2.6190209e-001   2.2294643e+000   1.1637971e+001
   9.0035826e-001   2.0823917e+000   1.1022380e+001
   5.1601952e-001   2.6062486e+000   1.2010771e+001
   1.1111200e+000   2.6434174e+000   1.1794754e+001
   1.3741157e+000   2.8852866e+000   1.3109253e+001
   8.8084269e-001   3.1821797e+000   1.3159059e+001
   1.1691891e+000   2.9949472e+000   1.2964584e+001
   1.3418719e+000   3.1532142e+000   1.3554040e+001
   1.4713091e+000   3.4171865e+000   1.3691943e+001

   9.4398950e+002   3.0049678e+003   1.1852676e+004
   1.0111890e+003   2.6356860e+003   1.1741598e+004
   8.2198157e+002   2.9116082e+003   1.1704901e+004
   6.3754187e+002   2.7273870e+003   1.1422548e+004
   6.3372949e+002   2.5156975e+003   1.1388254e+004
   4.9742908e+002   2.4756375e+003   1.0396857e+004
   6.9758386e+002   1.7729752e+003   1.0485950e+004
   5.0013437e+002   2.3447561e+003   1.0074563e+004
   1.2943578e+003   1.5162622e+003   1.0460166e+004
   7.3390857e+002   1.7303253e+003   1.0384022e+004
   6.9438416e+002   1.8447374e+003   1.0333638e+004
   6.9350854e+002   2.6724875e+003   1.0622711e+004
   7.3946680e+002   1.9008600e+003   9.8327061e+003
   8.4358008e+002   2.2412322e+003   9.7622695e+003
   7.6583691e+002   2.3427500e+003   9.1764590e+003
   7.7329150e+002   1.9871417e+003   9.3496436e+003
   8.5365454e+002   1.8729012e+003   8.9100879e+003
   1.5646477e+003   1.3076779e+003   9.1792822e+003
   8.4524670e+002   1.6061058e+003   9.1463701e+003
   1.7315970e+003   1.4020522e+003   8.8957275e+003
   1.1671672e+003   1.8421257e+003   8.6576758e+003
   1.6871560e+003   2.0265111e+003   8.5207168e+003
   9.6086743e+002   2.3446982e+003   9.0902861e+003
   1.5524551e+003   2.3731892e+003   9.2375469e+003
   1.1990588e+003   2.4363030e+003   1.0871700e+004
   7.5790942e+002   2.5371387e+003   1.0153191e+004
   1.1311235e+003   2.4783064e+003   1.0160216e+004
   1.1710669e+003   2.5842517e+003   1.0900876e+004
   1.0916018e+003   2.8519797e+003   1.1377926e+004

   2.5494570e+003   5.3798169e+003   1.3962040e+004
   2.5127920e+003   4.8619219e+003   1.4208976e+004
   2.2924382e+003   5.2585591e+003   1.4035914e+004
   1.9855281e+003   4.9714458e+003   1.3774299e+004
   2.0239791e+003   4.7252383e+003   1.4222022e+004
   1.3625013e+003   3.8565657e+003   1.3403192e+004
   1.6391327e+003   3.4135249e+003   1.3906120e+004
   1.3598657e+003   3.7574829e+003   1.3306774e+004
   2.3802881e+003   3.3249368e+003   1.3976970e+004
   1.6108330e+003   3.3104490e+003   1.3850219e+004
   1.4962119e+003   3.2424504e+003   1.3567980e+004
   1.7564441e+003   4.2473384e+003   1.3419554e+004
   1.5169532e+003   3.2735791e+003   1.3494135e+004
   2.8730911e+003   3.5412908e+003   1.3654717e+004
   1.1604229e+003   3.0206689e+003   1.2602391e+004
   1.1935454e+003   2.8797698e+003   1.2989668e+004
   1.1306968e+003   2.5311748e+003   1.2678096e+004
   1.9345278e+003   1.9414945e+003   1.3033212e+004
   1.2065405e+003   2.4496917e+003   1.3049791e+004
   2.0124152e+003   1.7844388e+003   1.2671746e+004
   1.3108340e+003   2.1545918e+003   1.2429402e+004
   1.7918755e+003   2.0320626e+003   1.1962930e+004
   1.4381995e+003   3.1305181e+003   1.2661365e+004
   1.8974226e+003   2.9956182e+003   1.2410844e+004
   2.2642297e+003   3.9463130e+003   1.3359055e+004
   1.7791274e+003   4.0251055e+003   1.3233469e+004
   1.9083140e+003   3.7716538e+003   1.3124141e+004
   2.3418809e+003   4.2989634e+003   1.3577721e+004
   2.3826328e+003   4.7675210e+003   1.3695434e+004

   2.3885166e+003   2.1595010e+003   1.1594189e+004
   2.3377446e+003   1.7133854e+003   1.1473063e+004
   2.0972996e+003   2.0422236e+003   1.1531008e+004
   1.7593346e+003   1.8988989e+003   1.1285132e+004
   1.7372375e+003   1.5826207e+003   1.1173134e+004
   1.3531118e+003   1.8624033e+003   1.0443307e+004
   1.3298550e+003   9.2639557e+002   9.8153340e+003
   1.0311260e+003   1.7876481e+003   9.5068301e+003
   1.9191155e+003   7.0930798e+002   9.4525459e+003
   1.3220072e+003   8.6040082e+002   9.5197012e+003
   1.2190797e+003   9.7999414e+002   9.5707979e+003
   1.5561573e+003   2.0648770e+003   1.0017787e+004
   1.0920024e+003   1.2511030e+003   8.7930977e+003
   1.3125459e+003   1.5179756e+003   8.6646924e+003
   9.1080762e+002   1.6824586e+003   7.7803901e+003
   8.8528271e+002   1.1707740e+003   7.8982998e+003
   7.1249756e+002   1.0758381e+003   7.2348833e+003
   1.5732915e+003   4.1423990e+002   7.5739116e+003
   8.6999622e+002   6.8951581e+002   7.3902510e+003
   1.5945861e+003   4.8586813e+002   6.8934707e+003
   9.7347864e+002   1.0152274e+003   6.8846904e+003
   1.5271182e+003   1.1606327e+003   6.4706416e+003
   1.0861725e+003   1.5805024e+003   7.5430342e+003
   1.7127750e+003   1.6202688e+003   7.5871870e+003
   2.0099995e+003   1.5674481e+003   9.0239932e+003
   1.3714397e+003   1.9177523e+003   9.5246465e+003
   1.8250437e+003   1.7590924e+003   9.2202295e+003
   2.2118762e+003   1.8418110e+003   1.0483301e+004
   2.2792349e+003   2.0267039e+003   1.0747349e+004

   1.3200989e+000   4.2114091e+000   8.1786299e+000
   2.3763974e+000   4.6785302e+000   8.5189848e+000
   1.9435627e+000   4.1955328e+000   8.4655819e+000
   2.1884248e+000   3.3753839e+000   8.4216413e+000
   3.4229906e+000   4.1842999e+000   8.7584667e+000
   3.9865906e+000   3.0803211e+000   8.0083904e+000
   5.3225875e+000   4.4361668e+000   8.4786301e+000
   4.5989199e+000   2.5322721e+000   7.7023063e+000
   5.5381403e+000   5.3081059e+000   8.0385799e+000
   5.9222465e+000   4.4299269e+000   8.3718042e+000
   6.1043296e+000   3.9479382e+000   8.2955761e+000
   4.1627321e+000   3.0438054e+000   7.4153819e+000
   7.5045066e+000   3.7640464e+000   7.0999403e+000
   6.6188102e+000   3.2703710e+000   6.0373235e+000
   7.9043398e+000   2.2443972e+000   5.5539227e+000
   8.7567940e+000   3.1998312e+000   6.1614208e+000
   9.7938976e+000   3.2696824e+000   5.8262467e+000
   9.3973169e+000   5.4356475e+000   6.4467955e+000
   9.9149113e+000   3.9889450e+000   6.3482695e+000
   9.9737930e+000   5.2828689e+000   5.5190153e+000
   1.0309353e+001   3.9514802e+000   5.1988835e+000
   9.9732370e+000   4.5015426e+000   4.1040659e+000
   8.2886143e+000   2.6730013e+000   5.1270027e+000
   8.5094395e+000   4.0981827e+000   4.1798363e+000
   6.4994526e+000   4.1697593e+000   5.4160299e+000
   4.8975625e+000   2.7149940e+000   7.1969900e+000
   4.6024938e+000   3.5468714e+000   6.5997362e+000
   3.4621892e+000   4.3411746e+000   7.3897429e+000
   2.3905637e+000   4.1897488e+000   7.7670307e+000

   7.4050671e+002   2.8429495e+003   1.1663660e+004
   1.0219069e+003   1.9794752e+003   1.1302868e+004
   6.6189783e+002   2.5632405e+003   1.1666264e+004
   4.1966650e+002   2.5257100e+003   1.0977693e+004
   4.2403833e+002   2.4023672e+003   1.1245917e+004
   6.1433960e+002   2.1790901e+003   1.0244280e+004
   1.0749080e+003   1.3440760e+003   1.0182499e+004
   8.2472900e+002   1.9556864e+003   9.5852764e+003
   1.7323883e+003   1.2763313e+003   1.0452500e+004
   1.2725592e+003   1.1923381e+003   1.0034029e+004
   1.1284351e+003   1.3114086e+003   9.9916514e+003
   8.8939447e+002   2.3099854e+003   1.0142415e+004
   1.2367510e+003   1.5836938e+003   9.4456084e+003
   1.2804536e+003   2.0366146e+003   9.3436621e+003
   1.5019829e+003   1.8915685e+003   8.4447607e+003
   1.5787866e+003   1.3770654e+003   8.6054111e+003
   1.8548594e+003   1.3619211e+003   8.1997266e+003
   2.5791206e+003   7.5761285e+002   9.0069277e+003
   1.9684987e+003   8.6150037e+002   8.4385508e+003
   2.9014375e+003   9.1301776e+002   8.3788564e+003
   2.3920962e+003   1.2679194e+003   7.9601123e+003
   3.0181946e+003   1.6267162e+003   7.8911821e+003
   1.8025131e+003   1.8305947e+003   8.3116553e+003
   2.9520522e+003   1.6862949e+003   8.0265439e+003
   1.8281685e+003   1.9801207e+003   9.8396016e+003
   8.6523773e+002   2.2368818e+003   9.8780000e+003
   1.4299418e+003   2.1942117e+003   9.9553770e+003
   1.1650175e+003   2.4524436e+003   1.0927214e+004
   1.0420359e+003   2.5970601e+003   1.1052688e+004

   3.2680271e+003   2.3180889e+003   1.1682178e+004
   3.3100117e+003   1.2508075e+003   1.0442338e+004
   3.1021011e+003   1.6468231e+003   1.1080966e+004
   2.0425615e+003   1.9466941e+003   1.0535967e+004
   2.4161382e+003   1.3823257e+003   1.0358257e+004
   1.6482900e+003   2.2721768e+003   8.9989951e+003
   2.6023362e+003   6.5890936e+002   7.8700693e+003
   7.0830176e+002   2.6456616e+003   7.1913193e+003
   3.2278613e+003   5.2415802e+002   6.8903198e+003
   2.0448146e+003   5.9173926e+002   6.6792710e+003
   1.5542468e+003   8.3331281e+002   6.6533774e+003
   1.9884619e+003   2.7130327e+003   8.7359229e+003
   1.7690820e+003   1.2755422e+003   5.2427383e+003
   2.0568350e+003   3.1437122e+003   5.3661582e+003
   9.7383691e+002   3.6032715e+003   3.9630881e+003
   1.2880498e+003   1.5294531e+003   3.4235420e+003
   1.1369072e+003   1.9112283e+003   2.6679355e+003
   2.9531067e+003   6.1901685e+002   3.2296550e+003
   1.1818594e+003   1.8823256e+003   2.3564229e+003
   3.1921079e+003   1.0729908e+003   2.3575576e+003
   2.0830166e+003   2.0157286e+003   1.8753618e+003
   3.2174143e+003   2.6750720e+003   1.9143267e+003
   1.4130765e+003   3.5948127e+003   3.5212227e+003
   3.1837393e+003   2.9469497e+003   2.5031670e+003
   3.1997588e+003   3.0878362e+003   5.0328750e+003
   1.2386019e+003   3.0740313e+003   7.2446104e+003
   2.9546970e+003   2.7654883e+003   7.4024180e+003
   3.2593845e+003   2.3182278e+003   9.3799717e+003
   3.2497119e+003   2.3364812e+003   1.0580597e+004

   3.2129355e+003   3.4192249e+003   2.8171018e+004
   3.3974487e+003   1.8138376e+003   2.6543574e+004
   3.1832031e+003   2.4184829e+003   2.7528145e+004
   2.1726162e+003   2.8075342e+003   2.6919473e+004
   2.4469663e+003   1.5968049e+003   2.5852596e+004
   1.6323921e+003   2.8439919e+003   2.4691154e+004
   2.5348904e+003   8.1394385e+002   2.3655875e+004
   7.3591821e+002   3.0778640e+003   2.2893326e+004
   3.3996462e+003   5.0860748e+002   2.2213643e+004
   1.9502080e+003   5.6939752e+002   2.1978967e+004
   1.3604922e+003   1.0469510e+003   2.2012957e+004
   1.8701470e+003   3.4853945e+003   2.4155330e+004
   1.8317539e+003   1.8503319e+003   1.9875727e+004
   2.0675938e+003   3.8329822e+003   2.0231537e+004
   6.1006543e+002   4.2567964e+003   1.8436895e+004
   1.1900723e+003   1.9566443e+003   1.8040877e+004
   1.0132646e+003   2.2890417e+003   1.6737104e+004
   3.2572751e+003   7.9431927e+002   1.7332740e+004
   1.7384537e+003   1.3980565e+003   1.6765414e+004
   3.2910371e+003   1.5425060e+003   1.6531020e+004
   2.0585452e+003   2.2409116e+003   1.6237990e+004
   3.2424109e+003   3.3328560e+003   1.5946945e+004
   1.3549553e+003   4.3188257e+003   1.8011896e+004
   3.2464033e+003   3.8916951e+003   1.7269430e+004
   3.2763889e+003   3.8121992e+003   1.9497695e+004
   1.4182405e+003   3.7287249e+003   2.2693652e+004
   2.8849873e+003   3.7154890e+003   2.2604793e+004
   3.3619458e+003   2.9827886e+003   2.4822914e+004
   3.3408452e+003   3.1929204e+003   2.6987990e+004

   4.4086855e+003   2.4123672e+003   1.4903622e+004
   4.5264048e+003   1.1515327e+003   1.2793854e+004
   4.2224902e+003   1.4421709e+003   1.3571416e+004
   3.2308579e+003   2.1738242e+003   1.3335186e+004
   3.6978125e+003   1.1148872e+003   1.2379388e+004
   2.5809619e+003   2.7688027e+003   1.0824150e+004
   3.6091345e+003   6.4492767e+002   9.4164502e+003
   1.6542795e+003   3.0486245e+003   8.6033086e+003
   4.5352417e+003   5.4948273e+002   8.1150566e+003
   3.1085537e+003   6.2901422e+002   7.9276787e+003
   2.3838608e+003   1.2223916e+003   7.9485356e+003
   3.1119097e+003   3.0412371e+003   1.0993089e+004
   2.7904785e+003   2.0249323e+003   5.4850933e+003
   2.9874209e+003   4.3422993e+003   6.3456504e+003
   1.5316025e+003   5.3428271e+003   4.6958677e+003
   1.9866211e+003   3.0902727e+003   3.7758013e+003
   1.9331689e+003   3.4180906e+003   2.2458254e+003
   4.3087617e+003   1.7549736e+003   2.9994082e+003
   2.7221375e+003   2.5489360e+003   2.2216765e+003
   4.2504814e+003   2.6332339e+003   2.1094106e+003
   3.0065356e+003   3.7598889e+003   1.7535317e+003
   4.2962856e+003   4.5996865e+003   1.6321255e+003
   2.1332441e+003   5.4380264e+003   4.1771738e+003
   4.1692061e+003   4.8610859e+003   2.6028186e+003
   4.3033750e+003   4.4248726e+003   5.7104424e+003
   2.3798965e+003   3.8159292e+003   9.1000400e+003
   3.9157400e+003   3.8567820e+003   8.8990918e+003
   4.4323389e+003   2.6049395e+003   1.1599121e+004
   4.4787832e+003   2.5776260e+003   1.3321305e+004

   2.2635303e+003   1.8829719e+003   1.0401390e+004
   2.2290632e+003   1.1672806e+003   9.5071465e+003
   2.0950735e+003   1.2284446e+003   9.6018057e+003
   1.4411870e+003   1.5737780e+003   9.4792295e+003
   1.5651047e+003   1.0331283e+003   8.5457529e+003
   1.3746846e+003   2.0697366e+003   7.8406963e+003
   1.6902705e+003   7.2356183e+002   7.0853403e+003
   4.5475317e+002   2.0493813e+003   6.5978394e+003
   2.1601694e+003   5.4718457e+002   6.3162495e+003
   1.5073989e+003   6.0413849e+002   6.1708945e+003
   9.6183667e+002   8.8603625e+002   6.0678120e+003
   1.2962416e+003   2.2063455e+003   7.6972158e+003
   1.2614512e+003   1.2433500e+003   4.5472808e+003
   1.3154751e+003   2.5806440e+003   4.8368438e+003
   4.9025488e+002   2.9270112e+003   3.7233931e+003
   8.7190674e+002   1.4046105e+003   3.1810974e+003
   8.3821875e+002   1.7047753e+003   2.4354995e+003
   2.1694260e+003   6.3877728e+002   2.8551826e+003
   1.2122950e+003   1.0784781e+003   2.4945645e+003
   2.2191924e+003   1.1596989e+003   2.3462773e+003
   1.6805193e+003   1.8480044e+003   2.1486426e+003
   2.2414390e+003   2.2301333e+003   1.9672471e+003
   9.1393811e+002   2.9252896e+003   3.5005771e+003
   2.1708984e+003   2.4145215e+003   2.4701426e+003
   2.2162666e+003   2.5285305e+003   4.3285435e+003
   8.2154547e+002   2.4707559e+003   6.6717944e+003
   1.9696157e+003   2.3717710e+003   6.6129873e+003
   2.2768059e+003   1.8730167e+003   8.3366357e+003
   2.1899380e+003   1.8449934e+003   9.2982090e+003

   3.3816177e+003   3.4633450e+003   1.3911918e+004
   3.3470281e+003   1.8451029e+003   1.2059818e+004
   3.1237827e+003   2.6128872e+003   1.3306203e+004
   2.0974233e+003   3.0049805e+003   1.2707631e+004
   2.4604526e+003   1.9319808e+003   1.1873777e+004
   1.6321958e+003   3.3547485e+003   1.0448002e+004
   2.4763335e+003   1.3163390e+003   9.7542813e+003
   7.7052686e+002   3.3979255e+003   8.8292285e+003
   3.3092620e+003   9.1256799e+002   8.6333828e+003
   2.1419084e+003   1.0223668e+003   8.2868818e+003
   1.3046171e+003   1.5574965e+003   8.2221621e+003
   2.1213035e+003   3.6355920e+003   1.0524241e+004
   1.8463462e+003   1.7371750e+003   5.7606797e+003
   2.0000732e+003   3.6168110e+003   6.3192192e+003
   7.3837988e+002   4.1132813e+003   4.6761260e+003
   1.3376670e+003   2.0903147e+003   4.4641406e+003
   1.1800830e+003   2.1661836e+003   3.0596016e+003
   3.1929443e+003   7.8574274e+002   3.8149094e+003
   1.7490950e+003   1.3221304e+003   3.2095962e+003
   3.2695283e+003   1.3212820e+003   2.9073535e+003
   2.1435879e+003   2.2902510e+003   2.4275298e+003
   3.2663848e+003   2.9208694e+003   2.1324224e+003
   1.2814481e+003   4.1359795e+003   4.1533809e+003
   3.2648958e+003   3.3241829e+003   2.8827107e+003
   3.3583337e+003   3.7813511e+003   5.7212412e+003
   1.2435397e+003   3.7121523e+003   8.8984199e+003
   2.9206616e+003   3.6108308e+003   8.5889414e+003
   3.3995752e+003   3.0697681e+003   1.1050309e+004
   3.4079475e+003   3.2581487e+003   1.2959994e+004

   3.5912227e+003   3.1703069e+003   1.5483365e+004
   3.3462332e+003   1.6763167e+003   1.3259524e+004
   3.2270364e+003   2.0378345e+003   1.4304554e+004
   2.3738105e+003   2.6067236e+003   1.4030647e+004
   2.5058662e+003   2.0483481e+003   1.3536428e+004
   1.6328701e+003   3.2568721e+003   1.1362373e+004
   2.6018755e+003   1.0257959e+003   1.0223873e+004
   7.9471729e+002   3.4392029e+003   9.2379727e+003
   3.4194346e+003   7.6844458e+002   8.9596133e+003
   2.2349624e+003   8.4185168e+002   8.7876074e+003
   1.4772319e+003   1.3146259e+003   8.7800098e+003
   2.1159434e+003   3.6601868e+003   1.1155980e+004
   1.9078242e+003   1.7836351e+003   6.2538169e+003
   2.3266582e+003   4.0629570e+003   6.9092461e+003
   1.1782422e+003   4.6762539e+003   4.9978130e+003
   1.2578770e+003   2.1856096e+003   4.0653149e+003
   1.3410313e+003   2.2812634e+003   3.0215798e+003
   3.3582793e+003   1.0355211e+003   3.6067378e+003
   1.8464614e+003   1.5461831e+003   3.0169624e+003
   3.4341094e+003   1.6587815e+003   2.6740039e+003
   2.1151829e+003   2.7962078e+003   2.1235752e+003
   3.4146704e+003   3.4039275e+003   2.0440713e+003
   1.7773518e+003   4.6625488e+003   4.3831909e+003
   3.3761499e+003   3.6591838e+003   2.6353542e+003
   3.3908123e+003   4.0996880e+003   5.9553438e+003
   1.5313630e+003   3.9880449e+003   9.2678018e+003
   3.2248750e+003   3.9411301e+003   9.5949912e+003
   3.4188433e+003   3.1126409e+003   1.2086067e+004
   3.4344355e+003   2.9976946e+003   1.4008259e+004

   2.9749438e+003   2.7263586e+003   1.2890127e+004
   2.9552695e+003   1.4573511e+003   1.1536123e+004
   2.7178699e+003   1.8495969e+003   1.2141683e+004
   1.8673726e+003   2.2086760e+003   1.1662256e+004
   2.1172173e+003   1.6096724e+003   1.1330848e+004
   1.3340811e+003   2.7235815e+003   9.7936787e+003
   2.1199363e+003   8.7741083e+002   8.8773936e+003
   5.1523877e+002   2.7858677e+003   8.3305957e+003
   2.9015293e+003   7.0514862e+002   7.8114170e+003
   1.7847800e+003   7.8350940e+002   7.8521299e+003
   1.0206753e+003   1.1825248e+003   7.6336240e+003
   1.6788469e+003   3.0678323e+003   9.6858027e+003
   1.5880845e+003   1.4689355e+003   5.3413218e+003
   1.6462710e+003   3.3185635e+003   6.0390894e+003
   4.5839453e+002   3.6913909e+003   4.4754463e+003
   1.0574395e+003   1.7902343e+003   3.6822798e+003
   1.1343398e+003   1.8784183e+003   2.8436431e+003
   2.8392678e+003   7.6178510e+002   3.3966865e+003
   1.5623645e+003   1.3831075e+003   2.6766230e+003
   2.8967065e+003   1.4830428e+003   2.5678662e+003
   1.8340784e+003   2.3056860e+003   2.2352666e+003
   2.8461255e+003   2.9315032e+003   2.1343354e+003
   1.0002356e+003   3.7263022e+003   4.0853628e+003
   2.7597983e+003   3.2245129e+003   2.6819260e+003
   2.8332871e+003   3.2965396e+003   5.3991987e+003
   1.0459094e+003   3.2066572e+003   8.2382539e+003
   2.5454519e+003   3.2040059e+003   8.2825537e+003
   2.9186357e+003   2.4966697e+003   1.0233512e+004
   2.9539922e+003   2.4872930e+003   1.1761029e+004

   4.8759122e+002   5.0454236e+002   3.1938579e+003
   5.0110907e+002   3.3835773e+002   2.8329844e+003
   4.7966495e+002   3.9768506e+002   3.0282212e+003
   3.8851498e+002   4.2981525e+002   2.9779709e+003
   3.7938123e+002   2.9641605e+002   2.5421704e+003
   2.1908374e+002   4.3921753e+002   1.9950466e+003
   3.8706238e+002   1.0860842e+002   1.8494357e+003
   1.6223376e+002   5.1107156e+002   1.8277651e+003
   5.0266864e+002   9.2819000e+001   1.6679535e+003
   3.2382495e+002   8.2794006e+001   1.6639744e+003
   2.1122711e+002   1.2341161e+002   1.6467124e+003
   2.8589996e+002   5.2341724e+002   1.9133052e+003
   3.0373950e+002   1.7642821e+002   1.1900883e+003
   3.6567480e+002   6.2172290e+002   1.2299462e+003
   1.4376880e+002   8.0553717e+002   8.0073145e+002
   1.7521631e+002   3.5631641e+002   6.8708374e+002
   1.6379321e+002   4.2751489e+002   5.7479858e+002
   5.0089310e+002   1.6614316e+002   6.8411768e+002
   2.7468256e+002   3.0861829e+002   5.7326208e+002
   5.0452594e+002   2.9619046e+002   5.7804602e+002
   3.2924484e+002   4.6949802e+002   5.2491760e+002
   5.1503259e+002   5.6579803e+002   5.1283899e+002
   2.5062762e+002   7.8753851e+002   7.6209723e+002
   5.0101462e+002   6.1670728e+002   6.5566840e+002
   5.0267984e+002   6.1701404e+002   1.1395361e+003
   1.8708510e+002   5.5392072e+002   1.7059973e+003
   4.2467166e+002   5.7546722e+002   1.7394331e+003
   5.1377362e+002   4.1892462e+002   2.4114587e+003
   5.1295911e+002   4.3661703e+002   2.7244229e+003

   1.4364978e+002   2.3445811e+002   9.2166516e+002
   2.2556366e+002   2.7153812e+002   8.1551349e+002
   1.8841064e+002   2.3233174e+002   8.9273761e+002
   2.2281299e+002   1.7010892e+002   8.5540497e+002
   2.4102838e+002   2.0806462e+002   8.4382147e+002
   2.7410480e+002   1.2408649e+002   7.2346924e+002
   3.1750549e+002   2.2279372e+002   7.0005090e+002
   2.8725818e+002   1.0328725e+002   6.7353857e+002
   2.9503207e+002   2.8816907e+002   6.5785291e+002
   3.3979358e+002   2.2701144e+002   6.5790771e+002
   3.3462939e+002   1.9648196e+002   6.4933508e+002
   2.2553575e+002   1.5793201e+002   7.4238287e+002
   3.4879803e+002   1.3986450e+002   5.2857544e+002
   2.6913925e+002   1.1335317e+002   5.2094092e+002
   2.9786496e+002   3.3496178e+001   4.3650482e+002
   3.7174426e+002   9.1844414e+001   4.4538513e+002
   3.8129834e+002   5.7614143e+001   3.4686072e+002
   3.8114838e+002   2.5565965e+002   3.2527322e+002
   4.2805853e+002   1.4170009e+002   3.5190381e+002
   3.6320526e+002   2.2888919e+002   2.5653064e+002
   3.7274106e+002   1.0818498e+002   2.6202539e+002
   2.6107568e+002   1.1661927e+002   2.0775507e+002
   3.0198398e+002   5.2594444e+001   3.8422144e+002
   2.4173563e+002   1.0892578e+002   2.4910651e+002
   2.1911496e+002   1.9390735e+002   5.7857990e+002
   2.4762570e+002   1.2193861e+002   6.9414136e+002
   2.1053513e+002   1.7064313e+002   6.1366693e+002
   2.0567996e+002   2.2034097e+002   7.0637573e+002
   1.7313113e+002   2.2393320e+002   8.0887756e+002

   2.0392631e+003   1.9734938e+003   1.0450031e+004
   2.0955908e+003   8.2095563e+002   8.6779424e+003
   1.8390132e+003   1.3803264e+003   9.8829385e+003
   1.2781914e+003   1.8382031e+003   9.9147959e+003
   1.5895625e+003   9.0461560e+002   8.6269326e+003
   7.9111523e+002   1.9066339e+003   7.8376968e+003
   1.5164139e+003   6.7610480e+002   7.0191855e+003
   3.4804636e+002   2.0603979e+003   7.2263345e+003
   2.0527825e+003   5.5061145e+002   6.2956685e+003
   1.3223417e+003   5.6355322e+002   6.1693350e+003
   9.1641699e+002   8.7409949e+002   6.2423755e+003
   1.0262163e+003   2.2550620e+003   7.6813394e+003
   1.2796982e+003   1.4412797e+003   4.7113633e+003
   1.5023311e+003   2.6951201e+003   5.2220439e+003
   3.9657520e+002   3.3085869e+003   3.7891760e+003
   8.3079688e+002   1.6103523e+003   2.7938767e+003
   6.4102832e+002   2.0671733e+003   2.2941348e+003
   2.0893198e+003   7.4127948e+002   2.9580547e+003
   1.2741638e+003   1.2246932e+003   2.1519451e+003
   2.3127427e+003   1.3402441e+003   2.1637993e+003
   1.5470813e+003   1.8543043e+003   1.9049023e+003
   2.2728506e+003   2.4923335e+003   1.9538647e+003
   8.3600439e+002   3.2125393e+003   3.3424036e+003
   2.2065435e+003   2.5569236e+003   2.1076858e+003
   2.2052329e+003   2.5223413e+003   4.8929722e+003
   6.8435364e+002   2.3621599e+003   7.2473506e+003
   1.5873706e+003   2.5585598e+003   7.0576255e+003
   2.1096257e+003   1.8263445e+003   8.0556353e+003
   2.1060994e+003   1.8487739e+003   9.3824053e+003

   1.7158567e+003   2.4113542e+003   1.1827719e+004
   1.6469147e+003   1.5122697e+003   1.1105169e+004
   1.5584958e+003   2.0940930e+003   1.1719072e+004
   1.1083870e+003   2.1044385e+003   1.1452438e+004
   1.2025386e+003   1.8500210e+003   1.1419447e+004
   7.5355859e+002   1.9350142e+003   1.0479448e+004
   9.4521594e+002   9.7576300e+002   1.0197025e+004
   5.5153882e+002   1.7991736e+003   9.6234268e+003
   1.5825969e+003   7.4884607e+002   9.8220186e+003
   9.2613062e+002   8.2263885e+002   9.7104961e+003
   8.2251538e+002   9.8316937e+002   9.8242402e+003
   1.0888827e+003   2.0470984e+003   1.0353348e+004
   8.4072156e+002   1.2525460e+003   9.1517520e+003
   9.5049792e+002   1.4974146e+003   9.1045840e+003
   6.5806250e+002   1.7808770e+003   8.2687305e+003
   5.9080884e+002   1.2181478e+003   8.3100850e+003
   6.6492896e+002   1.2476757e+003   7.8855342e+003
   1.4399943e+003   5.1806934e+002   8.0167349e+003
   6.8701099e+002   8.7223267e+002   7.9772158e+003
   1.5141937e+003   6.9868567e+002   7.4961943e+003
   9.5638831e+002   1.2287146e+003   7.4487988e+003
   1.5108967e+003   1.4605341e+003   7.1825723e+003
   8.5503601e+002   1.7149474e+003   8.0760527e+003
   1.5636848e+003   1.7732046e+003   8.0268433e+003
   1.6500647e+003   1.6667485e+003   1.0061488e+004
   9.2736926e+002   2.0049497e+003   9.8929170e+003
   1.4012675e+003   1.8663547e+003   9.6296768e+003
   1.6787932e+003   1.9119131e+003   1.0694806e+004
   1.6931536e+003   2.1143374e+003   1.0990750e+004

   1.5831702e+001  -1.0874186e+001   1.5139441e+002
   1.4776884e+001  -7.2371922e+000   1.4741141e+002
   1.5870989e+001  -9.0920334e+000   1.5085876e+002
   1.7555954e+001  -1.0007488e+001   1.5089679e+002
   1.5490097e+001  -6.7695699e+000   1.4742802e+002
   1.9134861e+001  -7.6268702e+000   1.4541884e+002
   1.5706372e+001  -3.8602383e+000   1.4252000e+002
   2.0448929e+001  -7.3286300e+000   1.4240967e+002
   1.4001818e+001  -4.0036535e+000   1.4151071e+002
   1.6515106e+001  -3.1960747e+000   1.4142450e+002
   1.7905735e+001  -3.1659503e+000   1.4135185e+002
   1.8187210e+001  -8.7295799e+000   1.4606393e+002
   1.7749571e+001  -4.9071007e+000   1.3899173e+002
   1.9273294e+001  -8.0818176e+000   1.3968736e+002
   2.1871580e+001  -7.6815143e+000   1.3743005e+002
   1.9996038e+001  -5.0945358e+000   1.3727272e+002
   1.9600492e+001  -4.5492368e+000   1.3545093e+002
   1.4254689e+001  -3.7647414e+000   1.3496135e+002
   1.8292633e+001  -3.9131720e+000   1.3436806e+002
   1.4887357e+001  -5.4349437e+000   1.3384857e+002
   1.6572916e+001  -5.4606552e+000   1.3389743e+002
   1.5656769e+001  -7.1213312e+000   1.3355251e+002
   2.1165590e+001  -7.7624693e+000   1.3652138e+002
   1.5693543e+001  -7.6428475e+000   1.3433247e+002
   1.5800156e+001  -8.8537750e+000   1.3812611e+002
   2.0365978e+001  -7.7166057e+000   1.4392027e+002
   1.8460907e+001  -9.3306637e+000   1.4387004e+002
   1.5534531e+001  -9.2137938e+000   1.4686432e+002
   1.5779856e+001  -1.0177312e+001   1.4958061e+002

